  0.0000000e+000  1.0000000e+002
  1.7361111e+001  1.0000000e+002
  1.9791667e+001  0.0000000e+000
  6.4236111e+001  0.0000000e+000
  7.5347222e+001  1.5000000e+002
  9.2013889e+001  1.3083333e+002
  0.0000000e+000  0.0000000e+000
  1.7361111e+001  0.0000000e+000
  1.9791667e+001  6.0000000e+001
  6.9791667e+001  6.0000000e+001
  9.2013889e+001  0.0000000e+000
  1.0000000e+002  0.0000000e+000
  0.0000000e+000  2.5000000e+001
  1.7361111e+001  2.5000000e+001
  1.9791667e+001  0.0000000e+000
  6.7013889e+001  0.0000000e+000
  8.0902778e+001  2.5000000e+001
  1.0000000e+002  2.5000000e+001
  0.0000000e+000  1.5000000e+002
  1.7361111e+001  1.0000000e+002
  1.9791667e+001  0.0000000e+000
  8.9236111e+001  0.0000000e+000
  9.2013889e+001  1.5000000e+002
  1.0000000e+002  1.5000000e+002
  0.0000000e+000  1.5000000e+002
  1.7361111e+001  1.0000000e+002
  1.9791667e+001  0.0000000e+000
  8.6458333e+001  0.0000000e+000
  9.2013889e+001  1.5000000e+002
  1.0000000e+002  1.5000000e+002
  0.0000000e+000  0.0000000e+000
  1.7361111e+001  0.0000000e+000
  1.9791667e+001  1.5000000e+002
  6.9791667e+001  1.5000000e+002
  9.2013889e+001  0.0000000e+000
  1.0000000e+002  0.0000000e+000
  0.0000000e+000  0.0000000e+000
  1.7361111e+001  0.0000000e+000
  1.9791667e+001  6.0000000e+001
  6.9791667e+001  6.0000000e+001
  9.2013889e+001  0.0000000e+000
  1.0000000e+002  0.0000000e+000
  0.0000000e+000  0.0000000e+000
  1.7361111e+001  0.0000000e+000
  1.9791667e+001  1.5000000e+002
  7.5347222e+001  1.5000000e+002
  8.6458333e+001  0.0000000e+000
  1.0000000e+002  0.0000000e+000
  0.0000000e+000  1.5000000e+002
  5.0000000e+001  1.5000000e+002
  7.5000000e+001  1.5000000e+002
  8.8000000e+001  1.5000000e+002
  9.4000000e+001  1.5000000e+002
  1.0000000e+002  1.5000000e+002
  0.0000000e+000  0.0000000e+000
  5.0000000e+001  0.0000000e+000
  7.5000000e+001  0.0000000e+000
  8.8000000e+001  0.0000000e+000
  9.4000000e+001  0.0000000e+000
  1.0000000e+002  0.0000000e+000
  0.0000000e+000  1.1000000e+002
  5.0000000e+001  1.1000000e+002
  7.5000000e+001  1.1000000e+002
  8.8000000e+001  1.1000000e+002
  9.4000000e+001  1.1000000e+002
  1.0000000e+002  1.1000000e+002
  0.0000000e+000  1.5000000e+002
  5.0000000e+001  1.5000000e+002
  7.5000000e+001  1.5000000e+002
  8.8000000e+001  1.5000000e+002
  9.4000000e+001  1.5000000e+002
  1.0000000e+002  1.5000000e+002
  0.0000000e+000  2.5000000e+001
  5.0000000e+001  2.5000000e+001
  7.5000000e+001  2.5000000e+001
  8.8000000e+001  2.5000000e+001
  9.4000000e+001  2.5000000e+001
  1.0000000e+002  2.5000000e+001
  0.0000000e+000  0.0000000e+000
  5.0000000e+001  0.0000000e+000
  7.5000000e+001  0.0000000e+000
  8.8000000e+001  0.0000000e+000
  9.4000000e+001  0.0000000e+000
  1.0000000e+002  0.0000000e+000
  0.0000000e+000  0.0000000e+000
  5.0000000e+001  0.0000000e+000
  7.5000000e+001  0.0000000e+000
  8.8000000e+001  0.0000000e+000
  9.4000000e+001  0.0000000e+000
  1.0000000e+002  0.0000000e+000
  0.0000000e+000  0.0000000e+000
  5.0000000e+001  0.0000000e+000
  7.5000000e+001  0.0000000e+000
  8.8000000e+001  0.0000000e+000
  9.4000000e+001  0.0000000e+000
  1.0000000e+002  0.0000000e+000
