  0.0000000e+000  1.0000000e+002
  5.0000000e+001  5.0000000e+001
  7.5000000e+001  5.0000000e+001
  8.8000000e+001  2.6000000e+001
  9.4000000e+001  1.3000000e+001
  1.0000000e+002  0.0000000e+000
  0.0000000e+000  0.0000000e+000
  5.0000000e+001  0.0000000e+000
  7.5000000e+001  0.0000000e+000
  8.8000000e+001  0.0000000e+000
  9.4000000e+001  0.0000000e+000
  1.0000000e+002  0.0000000e+000
  0.0000000e+000  2.0000000e+001
  5.0000000e+001  1.0000000e+001
  7.5000000e+001  1.0000000e+001
  8.8000000e+001  5.2000000e+000
  9.4000000e+001  2.6000000e+000
  1.0000000e+002  0.0000000e+000
  0.0000000e+000  1.5000000e+002
  8.0000000e+001  1.5000000e+002
  9.0000000e+001  7.5000000e+001
  9.5000000e+001  3.7500000e+001
  9.8000000e+001  2.2500000e+001
  1.0000000e+002  0.0000000e+000
  0.0000000e+000  1.2500000e+002
  4.0000000e+001  0.0000000e+000
  7.0000000e+001  0.0000000e+000
  8.5000000e+001  0.0000000e+000
  9.3000000e+001  0.0000000e+000
  1.0000000e+002  0.0000000e+000
  0.0000000e+000  0.0000000e+000
  5.0000000e+001  0.0000000e+000
  7.5000000e+001  0.0000000e+000
  8.8000000e+001  0.0000000e+000
  9.4000000e+001  0.0000000e+000
  1.0000000e+002  0.0000000e+000
  0.0000000e+000  0.0000000e+000
  5.0000000e+001  0.0000000e+000
  7.5000000e+001  0.0000000e+000
  8.8000000e+001  0.0000000e+000
  9.4000000e+001  0.0000000e+000
  1.0000000e+002  0.0000000e+000
  0.0000000e+000  0.0000000e+000
  5.0000000e+001  0.0000000e+000
  7.5000000e+001  0.0000000e+000
  8.8000000e+001  0.0000000e+000
  9.4000000e+001  0.0000000e+000
  1.0000000e+002  0.0000000e+000
  0.0000000e+000  1.5000000e+002
  5.0000000e+001  7.5000000e+001
  7.5000000e+001  7.5000000e+001
  8.8000000e+001  3.9000000e+001
  9.4000000e+001  1.9500000e+001
  1.0000000e+002  0.0000000e+000
  0.0000000e+000  0.0000000e+000
  5.0000000e+001  0.0000000e+000
  7.5000000e+001  0.0000000e+000
  8.8000000e+001  0.0000000e+000
  9.4000000e+001  0.0000000e+000
  1.0000000e+002  0.0000000e+000
  0.0000000e+000  1.1000000e+002
  5.0000000e+001  5.5000000e+001
  7.5000000e+001  5.5000000e+001
  8.8000000e+001  2.8600000e+001
  9.4000000e+001  1.4300000e+001
  1.0000000e+002  0.0000000e+000
  0.0000000e+000  1.5000000e+002
  8.0000000e+001  1.5000000e+002
  9.0000000e+001  7.5000000e+001
  9.5000000e+001  3.7500000e+001
  9.8000000e+001  2.2500000e+001
  1.0000000e+002  0.0000000e+000
  0.0000000e+000  2.5000000e+001
  5.0000000e+001  1.2500000e+001
  7.5000000e+001  1.2500000e+001
  8.8000000e+001  6.5000000e+000
  9.4000000e+001  3.2500000e+000
  1.0000000e+002  0.0000000e+000
  0.0000000e+000  0.0000000e+000
  5.0000000e+001  0.0000000e+000
  7.5000000e+001  0.0000000e+000
  8.8000000e+001  0.0000000e+000
  9.4000000e+001  0.0000000e+000
  1.0000000e+002  0.0000000e+000
  0.0000000e+000  0.0000000e+000
  5.0000000e+001  0.0000000e+000
  7.5000000e+001  0.0000000e+000
  8.8000000e+001  0.0000000e+000
  9.4000000e+001  0.0000000e+000
  1.0000000e+002  0.0000000e+000
  0.0000000e+000  0.0000000e+000
  5.0000000e+001  0.0000000e+000
  7.5000000e+001  0.0000000e+000
  8.8000000e+001  0.0000000e+000
  9.4000000e+001  0.0000000e+000
  1.0000000e+002  0.0000000e+000
