  0.0000000e+000  6.0000000e+001
  7.8431373e+000  6.0000000e+001
  5.4000000e+001  6.0000000e+001
  7.7000000e+001  6.0000000e+001
  8.9000000e+001  6.0000000e+001
  1.0000000e+002  6.0000000e+001
  0.0000000e+000  6.0000000e+001
  5.8823529e+000  6.0000000e+001
  7.8431373e+000  3.0000000e+001
  3.5294118e+001  3.0000000e+001
  3.7254902e+001  6.0000000e+001
  1.0000000e+002  6.0000000e+001
  0.0000000e+000  6.0000000e+001
  1.7647059e+001  6.0000000e+001
  2.7450980e+001  6.0000000e+001
  6.4000000e+001  6.0000000e+001
  8.2000000e+001  6.0000000e+001
  1.0000000e+002  6.0000000e+001
  0.0000000e+000  6.0000000e+001
  4.9803922e+001  6.0000000e+001
  5.2941176e+001  3.0000000e+001
  6.5490196e+001  3.0000000e+001
  6.8627451e+001  6.0000000e+001
  1.0000000e+002  6.0000000e+001
  0.0000000e+000  6.0000000e+001
  4.9803922e+001  6.0000000e+001
  5.2941176e+001  3.0000000e+001
  6.5490196e+001  3.0000000e+001
  6.8627451e+001  6.0000000e+001
  1.0000000e+002  6.0000000e+001
  0.0000000e+000  6.0000000e+001
  5.8823529e+000  6.0000000e+001
  7.8431373e+000  3.0000000e+001
  3.5294118e+001  3.0000000e+001
  3.7254902e+001  6.0000000e+001
  1.0000000e+002  6.0000000e+001
  0.0000000e+000  6.0000000e+001
  5.8823529e+000  6.0000000e+001
  7.8431373e+000  3.0000000e+001
  3.5294118e+001  3.0000000e+001
  3.7254902e+001  6.0000000e+001
  1.0000000e+002  6.0000000e+001
  0.0000000e+000  6.0000000e+001
  5.8823529e+000  6.0000000e+001
  7.8431373e+000  3.0000000e+001
  3.5294118e+001  3.0000000e+001
  3.7254902e+001  6.0000000e+001
  1.0000000e+002  6.0000000e+001
  0.0000000e+000  5.0000000e+001
  5.0000000e+001  5.0000000e+001
  7.5000000e+001  5.0000000e+001
  8.8000000e+001  5.0000000e+001
  9.4000000e+001  5.0000000e+001
  1.0000000e+002  5.0000000e+001
  0.0000000e+000  6.0000000e+001
  5.0000000e+001  6.0000000e+001
  7.5000000e+001  6.0000000e+001
  8.8000000e+001  6.0000000e+001
  9.4000000e+001  6.0000000e+001
  1.0000000e+002  6.0000000e+001
  0.0000000e+000  3.0000000e+001
  1.9607843e+000  3.0000000e+001
  5.8823529e+000  6.0000000e+001
  5.3000000e+001  6.0000000e+001
  7.7000000e+001  6.0000000e+001
  1.0000000e+002  6.0000000e+001
  0.0000000e+000  3.0000000e+001
  1.9607843e+000  3.0000000e+001
  5.8823529e+000  6.0000000e+001
  5.3000000e+001  6.0000000e+001
  7.7000000e+001  6.0000000e+001
  1.0000000e+002  6.0000000e+001
  0.0000000e+000  5.0000000e+001
  5.0000000e+001  5.0000000e+001
  7.5000000e+001  5.0000000e+001
  8.8000000e+001  5.0000000e+001
  9.4000000e+001  5.0000000e+001
  1.0000000e+002  5.0000000e+001
  0.0000000e+000  6.0000000e+001
  5.0000000e+001  6.0000000e+001
  7.5000000e+001  6.0000000e+001
  8.8000000e+001  6.0000000e+001
  9.4000000e+001  6.0000000e+001
  1.0000000e+002  6.0000000e+001
  0.0000000e+000  6.0000000e+001
  5.0000000e+001  6.0000000e+001
  7.5000000e+001  6.0000000e+001
  8.8000000e+001  6.0000000e+001
  9.4000000e+001  6.0000000e+001
  1.0000000e+002  6.0000000e+001
  0.0000000e+000  6.0000000e+001
  5.0000000e+001  6.0000000e+001
  7.5000000e+001  6.0000000e+001
  8.8000000e+001  6.0000000e+001
  9.4000000e+001  6.0000000e+001
  1.0000000e+002  6.0000000e+001
