  0.0000000e+000  0.0000000e+000
  2.5490196e+001  0.0000000e+000
  3.7254902e+001  1.0000000e+002
  6.9000000e+001  1.0000000e+002
  8.5000000e+001  1.0000000e+002
  1.0000000e+002  1.0000000e+002
  0.0000000e+000  0.0000000e+000
  5.8823529e+000  0.0000000e+000
  7.8431373e+000  6.0000000e+001
  3.5294118e+001  6.0000000e+001
  3.7254902e+001  0.0000000e+000
  1.0000000e+002  0.0000000e+000
  0.0000000e+000  0.0000000e+000
  2.7450980e+001  0.0000000e+000
  3.7254902e+001  2.5000000e+001
  6.9000000e+001  2.5000000e+001
  8.5000000e+001  2.5000000e+001
  1.0000000e+002  2.5000000e+001
  0.0000000e+000  1.5000000e+002
  1.9607843e+000  1.5000000e+002
  5.8823529e+000  0.0000000e+000
  4.9803922e+001  0.0000000e+000
  5.2941176e+001  1.5000000e+002
  1.0000000e+002  1.5000000e+002
  0.0000000e+000  6.0000000e+001
  1.9607843e+000  6.0000000e+001
  5.8823529e+000  0.0000000e+000
  4.9803922e+001  0.0000000e+000
  5.2941176e+001  6.0000000e+001
  1.0000000e+002  6.0000000e+001
  0.0000000e+000  0.0000000e+000
  5.8823529e+000  0.0000000e+000
  7.8431373e+000  6.0000000e+001
  3.7254902e+001  6.0000000e+001
  5.2941176e+001  0.0000000e+000
  1.0000000e+002  0.0000000e+000
  0.0000000e+000  0.0000000e+000
  5.8823529e+000  0.0000000e+000
  7.8431373e+000  6.0000000e+001
  3.7254902e+001  6.0000000e+001
  5.2941176e+001  0.0000000e+000
  1.0000000e+002  0.0000000e+000
  0.0000000e+000  0.0000000e+000
  5.8823529e+000  0.0000000e+000
  7.8431373e+000  1.5000000e+002
  3.5294118e+001  1.5000000e+002
  3.7254902e+001  0.0000000e+000
  1.0000000e+002  0.0000000e+000
  0.0000000e+000  1.5000000e+002
  5.0000000e+001  1.5000000e+002
  7.5000000e+001  1.5000000e+002
  8.8000000e+001  1.5000000e+002
  9.4000000e+001  1.5000000e+002
  1.0000000e+002  1.5000000e+002
  0.0000000e+000  0.0000000e+000
  5.0000000e+001  0.0000000e+000
  7.5000000e+001  0.0000000e+000
  8.8000000e+001  0.0000000e+000
  9.4000000e+001  0.0000000e+000
  1.0000000e+002  0.0000000e+000
  0.0000000e+000  1.1000000e+002
  5.0000000e+001  1.1000000e+002
  7.5000000e+001  1.1000000e+002
  8.8000000e+001  1.1000000e+002
  9.4000000e+001  1.1000000e+002
  1.0000000e+002  1.1000000e+002
  0.0000000e+000  1.5000000e+002
  5.2941176e+001  1.5000000e+002
  7.6000000e+001  1.5000000e+002
  8.8000000e+001  1.5000000e+002
  9.4000000e+001  1.5000000e+002
  1.0000000e+002  1.5000000e+002
  0.0000000e+000  2.5000000e+001
  5.2941176e+001  2.5000000e+001
  7.6000000e+001  2.5000000e+001
  8.8000000e+001  2.5000000e+001
  9.4000000e+001  2.5000000e+001
  1.0000000e+002  2.5000000e+001
  0.0000000e+000  0.0000000e+000
  5.0000000e+001  0.0000000e+000
  7.5000000e+001  0.0000000e+000
  8.8000000e+001  0.0000000e+000
  9.4000000e+001  0.0000000e+000
  1.0000000e+002  0.0000000e+000
  0.0000000e+000  0.0000000e+000
  5.0000000e+001  0.0000000e+000
  7.5000000e+001  0.0000000e+000
  8.8000000e+001  0.0000000e+000
  9.4000000e+001  0.0000000e+000
  1.0000000e+002  0.0000000e+000
  0.0000000e+000  0.0000000e+000
  5.0000000e+001  0.0000000e+000
  7.5000000e+001  0.0000000e+000
  8.8000000e+001  0.0000000e+000
  9.4000000e+001  0.0000000e+000
  1.0000000e+002  0.0000000e+000
