  0.0000000e+000  6.0000000e+001
  5.8823529e+000  6.0000000e+001
  7.8431373e+000  6.0000000e+001
  5.8823529e+001  6.0000000e+001
  7.9000000e+001  6.0000000e+001
  1.0000000e+002  6.0000000e+001
  0.0000000e+000  6.0000000e+001
  5.0000000e+001  6.0000000e+001
  7.5000000e+001  6.0000000e+001
  8.8000000e+001  6.0000000e+001
  9.4000000e+001  6.0000000e+001
  1.0000000e+002  6.0000000e+001
  0.0000000e+000  6.0000000e+001
  9.0196078e+001  6.0000000e+001
  9.4117647e+001  6.0000000e+001
  9.7000000e+001  6.0000000e+001
  9.9000000e+001  6.0000000e+001
  1.0000000e+002  6.0000000e+001
  0.0000000e+000  6.0000000e+001
  5.0000000e+001  6.0000000e+001
  7.5000000e+001  6.0000000e+001
  8.8000000e+001  6.0000000e+001
  9.4000000e+001  6.0000000e+001
  1.0000000e+002  6.0000000e+001
  0.0000000e+000  6.0000000e+001
  5.0000000e+001  6.0000000e+001
  7.5000000e+001  6.0000000e+001
  8.8000000e+001  6.0000000e+001
  9.4000000e+001  6.0000000e+001
  1.0000000e+002  6.0000000e+001
  0.0000000e+000  6.0000000e+001
  5.0000000e+001  6.0000000e+001
  7.5000000e+001  6.0000000e+001
  8.8000000e+001  6.0000000e+001
  9.4000000e+001  6.0000000e+001
  1.0000000e+002  6.0000000e+001
  0.0000000e+000  6.0000000e+001
  5.0000000e+001  6.0000000e+001
  7.5000000e+001  6.0000000e+001
  8.8000000e+001  6.0000000e+001
  9.4000000e+001  6.0000000e+001
  1.0000000e+002  6.0000000e+001
  0.0000000e+000  6.0000000e+001
  5.0000000e+001  6.0000000e+001
  7.5000000e+001  6.0000000e+001
  8.8000000e+001  6.0000000e+001
  9.4000000e+001  6.0000000e+001
  1.0000000e+002  6.0000000e+001
  0.0000000e+000  5.0000000e+001
  5.0000000e+001  5.0000000e+001
  7.5000000e+001  5.0000000e+001
  8.8000000e+001  5.0000000e+001
  9.4000000e+001  5.0000000e+001
  1.0000000e+002  5.0000000e+001
  0.0000000e+000  6.0000000e+001
  1.7647059e+001  6.0000000e+001
  1.9607843e+001  3.0000000e+001
  5.4901961e+001  3.0000000e+001
  5.8823529e+001  6.0000000e+001
  1.0000000e+002  6.0000000e+001
  0.0000000e+000  6.0000000e+001
  8.7058824e+001  6.0000000e+001
  9.0196078e+001  3.0000000e+001
  9.5000000e+001  3.0000000e+001
  9.8000000e+001  3.0000000e+001
  1.0000000e+002  3.0000000e+001
  0.0000000e+000  6.0000000e+001
  8.7058824e+001  6.0000000e+001
  9.0196078e+001  3.0000000e+001
  9.5000000e+001  3.0000000e+001
  9.8000000e+001  3.0000000e+001
  1.0000000e+002  3.0000000e+001
  0.0000000e+000  5.0000000e+001
  5.0000000e+001  5.0000000e+001
  7.5000000e+001  5.0000000e+001
  8.8000000e+001  5.0000000e+001
  9.4000000e+001  5.0000000e+001
  1.0000000e+002  5.0000000e+001
  0.0000000e+000  6.0000000e+001
  1.7647059e+001  6.0000000e+001
  1.9607843e+001  3.0000000e+001
  5.4901961e+001  3.0000000e+001
  5.8823529e+001  6.0000000e+001
  1.0000000e+002  6.0000000e+001
  0.0000000e+000  6.0000000e+001
  1.7647059e+001  6.0000000e+001
  1.9607843e+001  3.0000000e+001
  5.4901961e+001  3.0000000e+001
  5.8823529e+001  6.0000000e+001
  1.0000000e+002  6.0000000e+001
  0.0000000e+000  6.0000000e+001
  1.7647059e+001  6.0000000e+001
  1.9607843e+001  3.0000000e+001
  5.4901961e+001  3.0000000e+001
  5.8823529e+001  6.0000000e+001
  1.0000000e+002  6.0000000e+001
