  0.0000000e+000  6.0000000e+001
  5.0000000e+001  6.0000000e+001
  7.5000000e+001  6.0000000e+001
  8.8000000e+001  6.0000000e+001
  9.4000000e+001  6.0000000e+001
  1.0000000e+002  6.0000000e+001
  0.0000000e+000  0.0000000e+000
  5.0000000e+001  0.0000000e+000
  7.5000000e+001  0.0000000e+000
  8.8000000e+001  0.0000000e+000
  9.4000000e+001  0.0000000e+000
  1.0000000e+002  0.0000000e+000
  0.0000000e+000  6.0000000e+001
  5.0000000e+001  6.0000000e+001
  7.5000000e+001  6.0000000e+001
  8.8000000e+001  6.0000000e+001
  9.4000000e+001  6.0000000e+001
  1.0000000e+002  6.0000000e+001
  0.0000000e+000  6.0000000e+001
  5.0000000e+001  6.0000000e+001
  7.5000000e+001  6.0000000e+001
  8.8000000e+001  6.0000000e+001
  9.4000000e+001  6.0000000e+001
  1.0000000e+002  6.0000000e+001
  0.0000000e+000  6.0000000e+001
  5.0000000e+001  6.0000000e+001
  7.5000000e+001  6.0000000e+001
  8.8000000e+001  6.0000000e+001
  9.4000000e+001  6.0000000e+001
  1.0000000e+002  6.0000000e+001
  0.0000000e+000  0.0000000e+000
  5.0000000e+001  0.0000000e+000
  7.5000000e+001  0.0000000e+000
  8.8000000e+001  0.0000000e+000
  9.4000000e+001  0.0000000e+000
  1.0000000e+002  0.0000000e+000
  0.0000000e+000  0.0000000e+000
  5.0000000e+001  0.0000000e+000
  7.5000000e+001  0.0000000e+000
  8.8000000e+001  0.0000000e+000
  9.4000000e+001  0.0000000e+000
  1.0000000e+002  0.0000000e+000
  0.0000000e+000  0.0000000e+000
  5.0000000e+001  0.0000000e+000
  7.5000000e+001  0.0000000e+000
  8.8000000e+001  0.0000000e+000
  9.4000000e+001  0.0000000e+000
  1.0000000e+002  0.0000000e+000
  0.0000000e+000  6.0000000e+001
  5.0000000e+001  6.0000000e+001
  7.5000000e+001  6.0000000e+001
  8.8000000e+001  6.0000000e+001
  9.4000000e+001  6.0000000e+001
  1.0000000e+002  6.0000000e+001
  0.0000000e+000  0.0000000e+000
  5.0000000e+001  0.0000000e+000
  7.5000000e+001  0.0000000e+000
  8.8000000e+001  0.0000000e+000
  9.4000000e+001  0.0000000e+000
  1.0000000e+002  0.0000000e+000
  0.0000000e+000  6.0000000e+001
  5.0000000e+001  6.0000000e+001
  7.5000000e+001  6.0000000e+001
  8.8000000e+001  6.0000000e+001
  9.4000000e+001  6.0000000e+001
  1.0000000e+002  6.0000000e+001
  0.0000000e+000  6.0000000e+001
  5.0000000e+001  6.0000000e+001
  7.5000000e+001  6.0000000e+001
  8.8000000e+001  6.0000000e+001
  9.4000000e+001  6.0000000e+001
  1.0000000e+002  6.0000000e+001
  0.0000000e+000  6.0000000e+001
  5.0000000e+001  6.0000000e+001
  7.5000000e+001  6.0000000e+001
  8.8000000e+001  6.0000000e+001
  9.4000000e+001  6.0000000e+001
  1.0000000e+002  6.0000000e+001
  0.0000000e+000  0.0000000e+000
  5.0000000e+001  0.0000000e+000
  7.5000000e+001  0.0000000e+000
  8.8000000e+001  0.0000000e+000
  9.4000000e+001  0.0000000e+000
  1.0000000e+002  0.0000000e+000
  0.0000000e+000  0.0000000e+000
  5.0000000e+001  0.0000000e+000
  7.5000000e+001  0.0000000e+000
  8.8000000e+001  0.0000000e+000
  9.4000000e+001  0.0000000e+000
  1.0000000e+002  0.0000000e+000
  0.0000000e+000  0.0000000e+000
  5.0000000e+001  0.0000000e+000
  7.5000000e+001  0.0000000e+000
  8.8000000e+001  0.0000000e+000
  9.4000000e+001  0.0000000e+000
  1.0000000e+002  0.0000000e+000
