  0.0000000e+000  6.0000000e+001
  1.7361111e+001  6.0000000e+001
  1.9791667e+001  6.0000000e+001
  6.4236111e+001  6.0000000e+001
  7.5347222e+001  6.0000000e+001
  9.2013889e+001  6.0000000e+001
  0.0000000e+000  6.0000000e+001
  1.7361111e+001  6.0000000e+001
  1.9791667e+001  3.0000000e+001
  6.4236111e+001  3.0000000e+001
  9.2013889e+001  6.0000000e+001
  1.0000000e+002  6.0000000e+001
  0.0000000e+000  6.0000000e+001
  9.2013889e+001  6.0000000e+001
  9.6000000e+001  5.0400000e+001
  9.8000000e+001  4.5616667e+001
  9.9000000e+001  4.3225000e+001
  1.0000000e+002  4.0833333e+001
  0.0000000e+000  6.0000000e+001
  9.2013889e+001  6.0000000e+001
  9.6000000e+001  5.0400000e+001
  9.8000000e+001  4.5616667e+001
  9.9000000e+001  4.3225000e+001
  1.0000000e+002  4.0833333e+001
  0.0000000e+000  6.0000000e+001
  9.2013889e+001  6.0000000e+001
  9.6000000e+001  5.0400000e+001
  9.8000000e+001  4.5616667e+001
  9.9000000e+001  4.3225000e+001
  1.0000000e+002  4.0833333e+001
  0.0000000e+000  6.0000000e+001
  1.7361111e+001  6.0000000e+001
  1.9791667e+001  3.0000000e+001
  6.4236111e+001  3.0000000e+001
  9.2013889e+001  6.0000000e+001
  1.0000000e+002  6.0000000e+001
  0.0000000e+000  6.0000000e+001
  1.7361111e+001  6.0000000e+001
  1.9791667e+001  3.0000000e+001
  6.4236111e+001  3.0000000e+001
  9.2013889e+001  6.0000000e+001
  1.0000000e+002  6.0000000e+001
  0.0000000e+000  6.0000000e+001
  1.7361111e+001  6.0000000e+001
  1.9791667e+001  3.0000000e+001
  5.8680556e+001  3.0000000e+001
  6.1458333e+001  6.0000000e+001
  1.0000000e+002  6.0000000e+001
  0.0000000e+000  5.0000000e+001
  5.0000000e+001  5.0000000e+001
  7.5000000e+001  5.0000000e+001
  8.8000000e+001  5.0000000e+001
  9.4000000e+001  5.0000000e+001
  1.0000000e+002  5.0000000e+001
  0.0000000e+000  6.0000000e+001
  5.0000000e+001  6.0000000e+001
  7.5000000e+001  6.0000000e+001
  8.8000000e+001  6.0000000e+001
  9.4000000e+001  6.0000000e+001
  1.0000000e+002  6.0000000e+001
  0.0000000e+000  6.0000000e+001
  1.2500000e+001  3.0000000e+001
  3.6458333e+001  3.0000000e+001
  5.0347222e+001  6.0000000e+001
  7.5000000e+001  6.0000000e+001
  1.0000000e+002  6.0000000e+001
  0.0000000e+000  6.0000000e+001
  1.2500000e+001  3.0000000e+001
  3.6458333e+001  3.0000000e+001
  5.0347222e+001  6.0000000e+001
  7.5000000e+001  6.0000000e+001
  1.0000000e+002  6.0000000e+001
  0.0000000e+000  5.0000000e+001
  5.0000000e+001  5.0000000e+001
  7.5000000e+001  5.0000000e+001
  8.8000000e+001  5.0000000e+001
  9.4000000e+001  5.0000000e+001
  1.0000000e+002  5.0000000e+001
  0.0000000e+000  6.0000000e+001
  5.0000000e+001  6.0000000e+001
  7.5000000e+001  6.0000000e+001
  8.8000000e+001  6.0000000e+001
  9.4000000e+001  6.0000000e+001
  1.0000000e+002  6.0000000e+001
  0.0000000e+000  6.0000000e+001
  5.0000000e+001  6.0000000e+001
  7.5000000e+001  6.0000000e+001
  8.8000000e+001  6.0000000e+001
  9.4000000e+001  6.0000000e+001
  1.0000000e+002  6.0000000e+001
  0.0000000e+000  6.0000000e+001
  5.0000000e+001  6.0000000e+001
  7.5000000e+001  6.0000000e+001
  8.8000000e+001  6.0000000e+001
  9.4000000e+001  6.0000000e+001
  1.0000000e+002  6.0000000e+001
