  0.0000000e+000  6.0000000e+001
  4.5138889e+000  6.0000000e+001
  1.4930556e+001  6.0000000e+001
  5.7000000e+001  6.0000000e+001
  7.9000000e+001  6.0000000e+001
  1.0000000e+002  6.0000000e+001
  0.0000000e+000  6.0000000e+001
  5.0000000e+001  6.0000000e+001
  7.5000000e+001  6.0000000e+001
  8.8000000e+001  6.0000000e+001
  9.4000000e+001  6.0000000e+001
  1.0000000e+002  6.0000000e+001
  0.0000000e+000  4.0833333e+001
  4.5138889e+000  3.0000000e+001
  3.0555556e+001  3.0000000e+001
  4.6180556e+001  6.0000000e+001
  7.3000000e+001  6.0000000e+001
  1.0000000e+002  6.0000000e+001
  0.0000000e+000  4.0833333e+001
  4.5138889e+000  3.0000000e+001
  3.0555556e+001  3.0000000e+001
  4.6180556e+001  6.0000000e+001
  7.3000000e+001  6.0000000e+001
  1.0000000e+002  6.0000000e+001
  0.0000000e+000  4.0833333e+001
  4.5138889e+000  3.0000000e+001
  3.0555556e+001  3.0000000e+001
  4.6180556e+001  6.0000000e+001
  7.3000000e+001  6.0000000e+001
  1.0000000e+002  6.0000000e+001
  0.0000000e+000  6.0000000e+001
  5.0000000e+001  6.0000000e+001
  7.5000000e+001  6.0000000e+001
  8.8000000e+001  6.0000000e+001
  9.4000000e+001  6.0000000e+001
  1.0000000e+002  6.0000000e+001
  0.0000000e+000  6.0000000e+001
  5.0000000e+001  6.0000000e+001
  7.5000000e+001  6.0000000e+001
  8.8000000e+001  6.0000000e+001
  9.4000000e+001  6.0000000e+001
  1.0000000e+002  6.0000000e+001
  0.0000000e+000  6.0000000e+001
  5.0000000e+001  6.0000000e+001
  7.5000000e+001  6.0000000e+001
  8.8000000e+001  6.0000000e+001
  9.4000000e+001  6.0000000e+001
  1.0000000e+002  6.0000000e+001
  0.0000000e+000  5.0000000e+001
  5.0000000e+001  5.0000000e+001
  7.5000000e+001  5.0000000e+001
  8.8000000e+001  5.0000000e+001
  9.4000000e+001  5.0000000e+001
  1.0000000e+002  5.0000000e+001
  0.0000000e+000  6.0000000e+001
  9.3750000e+000  6.0000000e+001
  1.1805556e+001  3.0000000e+001
  6.1805556e+001  3.0000000e+001
  6.4930556e+001  6.0000000e+001
  1.0000000e+002  6.0000000e+001
  0.0000000e+000  6.0000000e+001
  5.0000000e+001  6.0000000e+001
  7.5000000e+001  6.0000000e+001
  8.8000000e+001  6.0000000e+001
  9.4000000e+001  6.0000000e+001
  1.0000000e+002  6.0000000e+001
  0.0000000e+000  6.0000000e+001
  5.0000000e+001  6.0000000e+001
  7.5000000e+001  6.0000000e+001
  8.8000000e+001  6.0000000e+001
  9.4000000e+001  6.0000000e+001
  1.0000000e+002  6.0000000e+001
  0.0000000e+000  5.0000000e+001
  5.0000000e+001  5.0000000e+001
  7.5000000e+001  5.0000000e+001
  8.8000000e+001  5.0000000e+001
  9.4000000e+001  5.0000000e+001
  1.0000000e+002  5.0000000e+001
  0.0000000e+000  6.0000000e+001
  9.3750000e+000  6.0000000e+001
  1.1805556e+001  3.0000000e+001
  4.6180556e+001  3.0000000e+001
  9.3055556e+001  6.0000000e+001
  1.0000000e+002  6.0000000e+001
  0.0000000e+000  6.0000000e+001
  9.3750000e+000  6.0000000e+001
  1.1805556e+001  3.0000000e+001
  4.6180556e+001  3.0000000e+001
  9.3055556e+001  6.0000000e+001
  1.0000000e+002  6.0000000e+001
  0.0000000e+000  6.0000000e+001
  9.3750000e+000  6.0000000e+001
  1.1805556e+001  3.0000000e+001
  6.1805556e+001  3.0000000e+001
  6.4930556e+001  6.0000000e+001
  1.0000000e+002  6.0000000e+001
