  0.0000000e+000  1.0000000e+002
  1.5686275e+001  1.0000000e+002
  3.5294118e+001  1.0000000e+002
  5.7058824e+001  0.0000000e+000
  9.4000000e+001  0.0000000e+000
  1.0000000e+002  0.0000000e+000
  0.0000000e+000  0.0000000e+000
  5.0000000e+001  0.0000000e+000
  7.5000000e+001  0.0000000e+000
  8.8000000e+001  0.0000000e+000
  9.4000000e+001  0.0000000e+000
  1.0000000e+002  0.0000000e+000
  0.0000000e+000  2.5000000e+001
  3.9215686e+001  2.5000000e+001
  9.0196078e+001  0.0000000e+000
  9.5000000e+001  0.0000000e+000
  9.8000000e+001  0.0000000e+000
  1.0000000e+002  0.0000000e+000
  0.0000000e+000  1.5000000e+002
  5.0980392e+001  1.5000000e+002
  5.8823529e+001  0.0000000e+000
  8.7058824e+001  0.0000000e+000
  9.4000000e+001  7.5000000e+001
  1.0000000e+002  1.5000000e+002
  0.0000000e+000  6.0000000e+001
  5.4901961e+001  6.0000000e+001
  5.8823529e+001  0.0000000e+000
  8.7058824e+001  0.0000000e+000
  9.4000000e+001  3.0000000e+001
  1.0000000e+002  6.0000000e+001
  0.0000000e+000  0.0000000e+000
  5.0000000e+001  0.0000000e+000
  7.5000000e+001  0.0000000e+000
  8.8000000e+001  0.0000000e+000
  9.4000000e+001  0.0000000e+000
  1.0000000e+002  0.0000000e+000
  0.0000000e+000  0.0000000e+000
  5.0000000e+001  0.0000000e+000
  7.5000000e+001  0.0000000e+000
  8.8000000e+001  0.0000000e+000
  9.4000000e+001  0.0000000e+000
  1.0000000e+002  0.0000000e+000
  0.0000000e+000  0.0000000e+000
  5.0000000e+001  0.0000000e+000
  7.5000000e+001  0.0000000e+000
  8.8000000e+001  0.0000000e+000
  9.4000000e+001  0.0000000e+000
  1.0000000e+002  0.0000000e+000
  0.0000000e+000  1.5000000e+002
  1.5686275e+001  1.5000000e+002
  1.7647059e+001  0.0000000e+000
  4.1058824e+001  0.0000000e+000
  6.4509804e+001  1.5000000e+002
  1.0000000e+002  1.5000000e+002
  0.0000000e+000  0.0000000e+000
  1.7647059e+001  0.0000000e+000
  1.9607843e+001  1.0000000e+002
  5.8823529e+001  1.0000000e+002
  9.0196078e+001  0.0000000e+000
  1.0000000e+002  0.0000000e+000
  0.0000000e+000  1.1000000e+002
  1.5686275e+001  1.1000000e+002
  1.7647059e+001  0.0000000e+000
  7.1372549e+001  0.0000000e+000
  9.0196078e+001  1.1000000e+002
  1.0000000e+002  1.1000000e+002
  0.0000000e+000  1.5000000e+002
  1.5686275e+001  1.5000000e+002
  1.7647059e+001  0.0000000e+000
  7.1372549e+001  0.0000000e+000
  9.0196078e+001  1.5000000e+002
  1.0000000e+002  1.5000000e+002
  0.0000000e+000  2.5000000e+001
  1.5686275e+001  2.5000000e+001
  1.7647059e+001  0.0000000e+000
  4.3137255e+001  0.0000000e+000
  7.4509804e+001  2.5000000e+001
  1.0000000e+002  2.5000000e+001
  0.0000000e+000  0.0000000e+000
  1.7647059e+001  0.0000000e+000
  1.9607843e+001  7.0000000e+001
  5.8823529e+001  1.5000000e+002
  9.0196078e+001  0.0000000e+000
  1.0000000e+002  0.0000000e+000
  0.0000000e+000  0.0000000e+000
  1.7647059e+001  0.0000000e+000
  1.9607843e+001  1.5000000e+002
  5.4901961e+001  1.5000000e+002
  5.8823529e+001  0.0000000e+000
  1.0000000e+002  0.0000000e+000
  0.0000000e+000  0.0000000e+000
  1.7647059e+001  0.0000000e+000
  1.9607843e+001  1.5000000e+002
  5.4901961e+001  1.5000000e+002
  7.4509804e+001  0.0000000e+000
  1.0000000e+002  0.0000000e+000
