  0.0000000e+000  0.0000000e+000
  1.0256410e+001  0.0000000e+000
  1.2820513e+001  1.1900000e+002
  5.6000000e+001  1.1900000e+002
  7.8000000e+001  1.1900000e+002
  1.0000000e+002  1.1900000e+002
  0.0000000e+000  0.0000000e+000
  5.0000000e+001  0.0000000e+000
  7.5000000e+001  0.0000000e+000
  8.8000000e+001  0.0000000e+000
  9.4000000e+001  0.0000000e+000
  1.0000000e+002  0.0000000e+000
  1.0256410e+001  0.0000000e+000
  1.2820513e+001  6.0000000e+001
  8.9743590e+001  6.0000000e+001
  9.5000000e+001  4.2500000e+001
  9.8000000e+001  3.5500000e+001
  1.0000000e+002  2.5000000e+001
  1.0256410e+001  0.0000000e+000
  1.2820513e+001  1.5000000e+002
  5.6000000e+001  1.5000000e+002
  7.8000000e+001  1.5000000e+002
  8.9000000e+001  1.5000000e+002
  1.0000000e+002  1.5000000e+002
  1.0256410e+001  0.0000000e+000
  1.2820513e+001  1.5000000e+002
  5.6000000e+001  1.5000000e+002
  7.8000000e+001  1.5000000e+002
  8.9000000e+001  1.5000000e+002
  1.0000000e+002  1.5000000e+002
  0.0000000e+000  0.0000000e+000
  5.0000000e+001  0.0000000e+000
  7.5000000e+001  0.0000000e+000
  8.8000000e+001  0.0000000e+000
  9.4000000e+001  0.0000000e+000
  1.0000000e+002  0.0000000e+000
  0.0000000e+000  0.0000000e+000
  5.0000000e+001  0.0000000e+000
  7.5000000e+001  0.0000000e+000
  8.8000000e+001  0.0000000e+000
  9.4000000e+001  0.0000000e+000
  1.0000000e+002  0.0000000e+000
  0.0000000e+000  0.0000000e+000
  5.0000000e+001  0.0000000e+000
  7.5000000e+001  0.0000000e+000
  8.8000000e+001  0.0000000e+000
  9.4000000e+001  0.0000000e+000
  1.0000000e+002  0.0000000e+000
  0.0000000e+000  0.0000000e+000
  1.0256410e+001  0.0000000e+000
  1.2820513e+001  1.5000000e+002
  5.6000000e+001  1.5000000e+002
  7.8000000e+001  1.5000000e+002
  1.0000000e+002  1.5000000e+002
  0.0000000e+000  0.0000000e+000
  5.0000000e+001  0.0000000e+000
  7.5000000e+001  0.0000000e+000
  8.8000000e+001  0.0000000e+000
  9.4000000e+001  0.0000000e+000
  1.0000000e+002  0.0000000e+000
  1.0256410e+001  0.0000000e+000
  1.2820513e+001  1.5000000e+002
  5.6000000e+001  1.5000000e+002
  7.8000000e+001  1.5000000e+002
  8.9000000e+001  1.5000000e+002
  1.0000000e+002  1.5000000e+002
  1.0256410e+001  0.0000000e+000
  1.2820513e+001  1.5000000e+002
  5.6000000e+001  1.5000000e+002
  7.8000000e+001  1.5000000e+002
  8.9000000e+001  1.5000000e+002
  1.0000000e+002  1.5000000e+002
  0.0000000e+000  0.0000000e+000
  1.0256410e+001  0.0000000e+000
  1.2820513e+001  2.5000000e+001
  5.6000000e+001  2.5000000e+001
  7.8000000e+001  2.5000000e+001
  1.0000000e+002  2.5000000e+001
  0.0000000e+000  0.0000000e+000
  5.0000000e+001  0.0000000e+000
  7.5000000e+001  0.0000000e+000
  8.8000000e+001  0.0000000e+000
  9.4000000e+001  0.0000000e+000
  1.0000000e+002  0.0000000e+000
  0.0000000e+000  0.0000000e+000
  5.0000000e+001  0.0000000e+000
  7.5000000e+001  0.0000000e+000
  8.8000000e+001  0.0000000e+000
  9.4000000e+001  0.0000000e+000
  1.0000000e+002  0.0000000e+000
  0.0000000e+000  0.0000000e+000
  5.0000000e+001  0.0000000e+000
  7.5000000e+001  0.0000000e+000
  8.8000000e+001  0.0000000e+000
  9.4000000e+001  0.0000000e+000
  1.0000000e+002  0.0000000e+000
