  0.0000000e+000  1.3083333e+002
  4.5138889e+000  1.2000000e+002
  1.4930556e+001  1.0000000e+002
  5.7000000e+001  1.0000000e+002
  7.9000000e+001  1.0000000e+002
  1.0000000e+002  1.0000000e+002
  0.0000000e+000  0.0000000e+000
  5.0000000e+001  0.0000000e+000
  7.5000000e+001  0.0000000e+000
  8.8000000e+001  0.0000000e+000
  9.4000000e+001  0.0000000e+000
  1.0000000e+002  0.0000000e+000
  0.0000000e+000  2.5000000e+001
  9.3055556e+001  2.5000000e+001
  9.7000000e+001  2.5000000e+001
  9.9000000e+001  2.5000000e+001
  1.0000000e+002  2.5000000e+001
  1.0000000e+002  2.5000000e+001
  0.0000000e+000  1.5000000e+002
  8.9930556e+001  1.5000000e+002
  9.5000000e+001  1.5000000e+002
  9.8000000e+001  1.5000000e+002
  9.9000000e+001  1.5000000e+002
  1.0000000e+002  1.5000000e+002
  0.0000000e+000  1.5000000e+002
  9.3055556e+001  1.5000000e+002
  9.6527778e+001  1.5000000e+002
  9.8000000e+001  1.5000000e+002
  9.9000000e+001  1.5000000e+002
  1.0000000e+002  1.5000000e+002
  0.0000000e+000  0.0000000e+000
  5.0000000e+001  0.0000000e+000
  7.5000000e+001  0.0000000e+000
  8.8000000e+001  0.0000000e+000
  9.4000000e+001  0.0000000e+000
  1.0000000e+002  0.0000000e+000
  0.0000000e+000  0.0000000e+000
  5.0000000e+001  0.0000000e+000
  7.5000000e+001  0.0000000e+000
  8.8000000e+001  0.0000000e+000
  9.4000000e+001  0.0000000e+000
  1.0000000e+002  0.0000000e+000
  0.0000000e+000  0.0000000e+000
  5.0000000e+001  0.0000000e+000
  7.5000000e+001  0.0000000e+000
  8.8000000e+001  0.0000000e+000
  9.4000000e+001  0.0000000e+000
  1.0000000e+002  0.0000000e+000
  0.0000000e+000  1.5000000e+002
  9.3750000e+000  1.5000000e+002
  1.1805556e+001  0.0000000e+000
  6.1805556e+001  0.0000000e+000
  9.3055556e+001  1.5000000e+002
  1.0000000e+002  1.5000000e+002
  0.0000000e+000  0.0000000e+000
  9.3750000e+000  0.0000000e+000
  1.1805556e+001  1.5000000e+002
  7.7430556e+001  1.5000000e+002
  9.3055556e+001  0.0000000e+000
  1.0000000e+002  0.0000000e+000
  0.0000000e+000  1.1000000e+002
  9.3750000e+000  1.1000000e+002
  1.1805556e+001  0.0000000e+000
  8.6805556e+001  0.0000000e+000
  9.3055556e+001  1.0800000e+002
  1.0000000e+002  1.1000000e+002
  0.0000000e+000  1.5000000e+002
  9.3750000e+000  1.5000000e+002
  1.1805556e+001  0.0000000e+000
  8.6805556e+001  0.0000000e+000
  8.9930556e+001  1.5000000e+002
  9.3055556e+001  1.5000000e+002
  0.0000000e+000  2.5000000e+001
  9.3750000e+000  2.5000000e+001
  1.1805556e+001  0.0000000e+000
  6.1805556e+001  0.0000000e+000
  7.4305556e+001  2.5000000e+001
  8.9930556e+001  2.5000000e+001
  0.0000000e+000  0.0000000e+000
  9.3750000e+000  0.0000000e+000
  1.1805556e+001  7.0000000e+001
  6.8055556e+001  7.0000000e+001
  8.0555556e+001  0.0000000e+000
  1.0000000e+002  0.0000000e+000
  0.0000000e+000  0.0000000e+000
  9.3750000e+000  0.0000000e+000
  1.1805556e+001  7.0000000e+001
  6.8055556e+001  7.0000000e+001
  8.0555556e+001  0.0000000e+000
  1.0000000e+002  0.0000000e+000
  0.0000000e+000  0.0000000e+000
  9.3750000e+000  0.0000000e+000
  1.1805556e+001  1.5000000e+002
  6.8055556e+001  1.5000000e+002
  7.7430556e+001  7.0000000e+001
  9.3055556e+001  0.0000000e+000
